METROPOLIS PARAMETERS:
restart = 0
mu = 0.788637
sigma = 0.637786
x0 = 0
delta = 2.7
N = 500
L = 1

acceptance rate = 0.476
